+0002
+0004
+0000 +1099 +1199 +2098 +3297 +2195 +2095 +3199 +2195 +2095 
+2196 +1196 +0000 +0000 +0000 +0000 +0000 +0000 +0000 +0000 
+0000 +0000 +0000 +0000 +0000 +0000 +0000 +0000 +0000 +0000 
+0000 +0000 +0000 +0000 +0000 +0000 +0000 +0000 +0000 +0000 
+0000 +0000 +0000 +0000 +0000 +0000 +0000 +0000 +0000 +0000 
+0000 +0000 +0000 +0000 +0000 +0000 +0000 +0000 +0000 +0000 
+0000 +0000 +0000 +0000 +0000 +0000 +0000 +0000 +0000 +0000 
+0000 +0000 +0000 +0000 +0000 +0000 +0000 +0000 +0000 +0000 
+0000 +0000 +0000 +0000 +0000 +0000 +0000 +0000 +0000 +0000 
+0000 +0000 +0000 +0000 +0000 +0004 +0004 +0002 +0006 +0002 
